ARBOL B de orden 4

Inserto 35.000.000

                                          35 
-----------------------------------------------------------------------
Inserto el 40
                                          35 | 40
-----------------------------------------------------------------------
Inserto el 32
                                          32 | 35 | 40 
-----------------------------------------------------------------------
Inserto el 28
                                                      35
                                          28 | 32            40
-----------------------------------------------------------------------
Inserto el 26
                                                           35
                                          26 | 28 | 32            40
------------------------------------------------------------------------
Inserto el 37
                                                           35
                                          26 | 28 | 32            37 | 40
------------------------------------------------------------------------------------------                                        
Inserto el 25
                                                           28 | 35
                                                          
                                         | 25 | 26 |        | 32 |           | 37 | 40 |
------------------------------------------------------------------------------------------ 
Inserto el 23
                                                           28 | 35
                                                          
                                    | 23 | 25 | 26 |        | 32 |           | 37 | 40 |
------------------------------------------------------------------------------------------
Inserto el 21                                    
                                                 | 25 | 28 | 35
                                                          
                              | 21 | 23 |      | 26 |        | 32 |           | 37 | 40 |
----------------------------------------------------------------------------------------------------
Inserto el 36
                                                 | 25 | 28 | 35
                                                          
                              | 21 | 23 |      | 26 |        | 32 |       | 36 | 37 | 40 |
-----------------------------------------------------------------------------------------------------
Inserto el 45
                                                     | 35 |
                                                     
                              | 25 | 28 |                            | 40 |
                                                          
                | 21 | 23 |      | 26 |      | 32 |       | 36 | 37 |       | 45 |



Archivo de datos:  | 35 | 40 | 32 | 28 | 26 | 37 | 25 | 23 | 21 | 36 | 45 |
NRR:               |  0 |  1 |  2 |  3 |  4 |  5 |  6 |  7 |  8 |  9 | 10 |







                              
